RMSE : 2.323456849797362
MAE : 1.4377820208095846