RMSE : 2.3745235086483443
MAE : 1.4748383944100172