RMSE : 2.374614060784797
MAE : 1.4852133445034073