RMSE : 2.3464701012799307
MAE : 1.4603162691501848