RMSE : 2.3582332120436478
MAE : 1.4801003236245955