RMSE : 2.337741762314643
MAE : 1.4281285880712424