RMSE : 2.391046372838363
MAE : 1.498431895650949