RMSE : 2.3688600992379776
MAE : 1.4824340276469976