RMSE : 2.3157769422302716
MAE : 1.4542522032349938