RMSE : 2.359149852642397
MAE : 1.4517859536085638