RMSE : 2.3459492134028386
MAE : 1.4799535937611539