RMSE : 2.2937229592868063
MAE : 1.4692172905690009