RMSE : 2.395716854954847
MAE : 1.5082421051652803