RMSE : 2.3867423644629135
MAE : 1.4939804958896845