RMSE : 2.327961101184307
MAE : 1.4223268723298776