RMSE : 2.2709770451261524
MAE : 1.449861426969891