RMSE : 2.3756740535735634
MAE : 1.461839944354368