RMSE : 2.3466617986757687
MAE : 1.4357260962400864