RMSE : 2.2511926209661217
MAE : 1.419886064903903