RMSE : 2.333091225821631
MAE : 1.4310717565402262