RMSE : 2.3648827380288
MAE : 1.4792658179476876