RMSE : 2.345414968358925
MAE : 1.4390015293837441