RMSE : 2.4357870476888515
MAE : 1.5224115988493474