RMSE : 2.3517832890372925
MAE : 1.441882641147891